HILLS HEIGHT 0.5  W_STRIDE 1000 RESTART 

WELLTEMPERED SIMTEMP 298  BIASFACTOR 10 

#PTMETAD

PRINT W_STRIDE 1000

ALIGN_ATOMS LIST <all>


#CV1 Rg CA

RGYR LIST <all> SIGMA 0.2

#CV2 alpha 5-21
ALPHABETA NDIH 17 SIGMA 1.0
1    5    13    15    -0.78540
15    17    32    34    -0.78540
34    36    44    46    -0.78540
46    48    59    61    -0.78540
61    63    83    85    -0.78540
85    87    97    99    -0.78540
99    101    116    118    -0.78540
118    120    136    138    -0.78540
138    140    156    158    -0.78540
158    160    171    173    -0.78540
173    175    190    192    -0.78540
192    194    210    212    -0.78540
212    214    222    224    -0.78540
224    226    246    248    -0.78540
248    250    267    269    -0.78540
269    271    289    291    -0.78540
291    293    308    310    -0.78540
#CV3 alpha2-3 28-43
ALPHABETA NDIH 16 SIGMA 1.0
413    415    422    424    -0.78540
424    426    441    443    -0.78540
443    445    458    460    -0.78540
460    462    469    471    -0.78540
471    473    491    493    -0.78540
493    495    513    515    -0.78540
515    517    532    534    -0.78540
534    536    547    549    -0.78540
549    551    561    563    -0.78540
563    565    573    575    -0.78540
575    579    587    589    -0.78540
589    591    599    601    -0.78540
601    603    619    621    -0.78540
621    623    640    642    -0.78540
642    644    662    664    -0.78540
664    666    681    683    -0.78540
#CV4 alpha4 45-58
ALPHABETA NDIH 14 SIGMA 1.0
707    709    717    719    -0.78540
719    721    729    731    -0.78540
731    733    743    745    -0.78540
745    747    759    761    -0.78540
761    763    783    785    -0.78540
785    787    798    800    -0.78540
800    802    809    811    -0.78540
811    813    828    830    -0.78540
830    832    848    850    -0.78540
850    852    863    865    -0.78540
865    867    878    880    -0.78540
880    882    902    904    -0.78540
904    906    913    915    -0.78540
915    917    920    922    -0.78540
#UWALL CV 1 LIMIT 2.2 KAPPA 1000.0
#UWALL CV 2 LIMIT 0.6 KAPPA 1000.0
LWALL CV 1 LIMIT 0.8 KAPPA 1000.0
UWALL CV 1 LIMIT 3.5 KAPPA 1000.0 

all->
5
17
36
48
63
87
101
120
140
160
175
194
214
226
250
271
293
312
324
346
366
377
391
415
426
445
462
473
495
517
536
551
565
579
591
603
623
644
666
685
709
721
733
747
763
787
802
813
832
852
867
882
906
917
all<-


ENDMETA
